
obs = [];

obs{1} =    [10.00  10.00 60.00;
             10.00  60.00 60.00;
             60.00  60.00 60.00;
             60.00  10.00 60.00;
             10.00  10.00 70.00;
             10.00  60.00 70.00;
             60.00  60.00 70.00;
             60.00  10.00 70.00;];
         
obs{2} =    [10.00  10.00 20.00;
             10.00  60.00 20.00;
             60.00  60.00 20.00;
             60.00  10.00 20.00;
             10.00  10.00 30.00;
             10.00  60.00 30.00;
             60.00  60.00 30.00;
             60.00  10.00 30.00;];
         
obs{3} =    [-10.00  -10.00 60.00;
             -10.00  -60.00 60.00;
             -60.00  -60.00 60.00;
             -60.00  -10.00 60.00;
             -10.00  -10.00 70.00;
             -10.00  -60.00 70.00;
             -60.00  -60.00 70.00;
             -60.00  -10.00 70.00;];
         
obs{4} =    [-10.00  -10.00 20.00;
             -10.00  -60.00 20.00;
             -60.00  -60.00 20.00;
             -60.00  -10.00 20.00;
             -10.00  -10.00 30.00;
             -10.00  -60.00 30.00;
             -60.00  -60.00 30.00;
             -60.00  -10.00 30.00;];
     
simulation3d([0 -pi/9 pi/3 0 0 0],obs,20,20,1);

%prompt = 'What is the original value? ';
%x = input(prompt)
%y = x*10