
obs = [];
    
obs{1} =    [10.00  10.00 60.00;
             10.00  60.00 60.00;
             60.00  60.00 60.00;
             60.00  10.00 60.00;
             10.00  10.00 70.00;
             10.00  60.00 70.00;
             60.00  60.00 70.00;
             60.00  10.00 70.00;];
         
obs{2} =    [-10.00  -10.00 60.00;
             -10.00  -60.00 60.00;
             -60.00  -60.00 60.00;
             -60.00  -10.00 60.00;
             -10.00  -10.00 70.00;
             -10.00  -60.00 70.00;
             -60.00  -60.00 70.00;
             -60.00  -10.00 70.00;];
         
simulation3d([0 0 0 0 0 0],obs,20,20,1);